-0.006121
-0.180851
-0.355194
-0.093215
-0.398194
-0.081120
-0.478533
-0.232465
0.328370
-0.209305
0.223821
0.475509
-0.458862
0.120111
-0.427252
-0.014196
0.404847
-0.019816
-0.458476
-0.278198
0.493677
-0.003692
-0.197927
0.322543
-0.249428
-0.452590
0.105787
-0.193681
0.171448
0.154169
-0.109600
0.094070
-0.353144
-0.454125
-0.122105
0.447714
0.165165
0.061827
0.176082
0.184172
-0.257261
-0.186162
0.332870
-0.422481
0.303785
0.057278
0.133042
0.042688
0.421369
-0.313408
0.213296
-0.054113
0.317074
-0.239112
-0.206197
-0.050797
-0.416286
0.441346
0.425322
0.228413
-0.128327
-0.037334
-0.465458
-0.006181
0.190570
0.110967
-0.078883
-0.458682
-0.137301
-0.174964
-0.356556
-0.319182
-0.496941
0.232536
-0.226265
0.488932
0.415409
0.111262
-0.276692
-0.195922
0.221200
-0.084715
-0.244205
0.057278
0.476111
-0.398360
0.164751
-0.252014
-0.041296
-0.410414
-0.217824
0.425203
-0.156362
-0.286786
0.124497
0.453118
-0.182488
0.453829
0.389929
0.002954
0.392370
0.176759
-0.189779
-0.015338
-0.272163
0.434683
-0.404776
0.131608
0.425590
0.387113
0.474460
-0.287812
0.352468
0.465303
0.351432
0.018468
0.033686
0.375571
-0.254291
-0.074805
-0.484220
0.199729
0.476574
-0.085417
-0.068762
-0.308510
-0.020609
-0.242706
0.137889
-0.107754
-0.036460
-0.137193
-0.018094
0.411875
-0.126452
0.146331
0.376543
0.338907
0.111588
-0.345368
-0.240650
-0.267760
0.085069
0.410589
0.258490
0.425202
0.476355
0.456806
-0.399825
0.046277
0.316355
-0.005690
0.398486
-0.462478
0.036261
0.187716
-0.460960
-0.025499
-0.476297
-0.012267
-0.370608
-0.290104
-0.182480
-0.185167
0.432386
-0.470940
0.180112
0.017149
0.164115
-0.269478
0.075564
-0.151805
0.279178
0.491728
0.002650
0.149695
0.251306
-0.259286
0.090366
0.185581
-0.459059
0.163084
0.380177
0.480358
-0.186024
0.287109
0.429103
-0.421211
0.160236
0.374561
0.281683
-0.424303
0.268779
-0.208089
-0.261197
0.344242
0.052456
-0.341410
-0.320438
0.218023
0.125398
-0.119426
0.437891
-0.365332
0.186350
-0.477674
-0.386507
0.353431
0.170781
0.133545
0.247943
0.130848
0.370625
0.307576
0.392785
-0.424246
-0.000891
0.078106
0.260413
0.405961
0.037889
0.246258
-0.020183
-0.402669
-0.420861
0.440342
0.479312
-0.456723
-0.050412
-0.067012
-0.149505
-0.360729
-0.397990
-0.327192
-0.442703
-0.271090
0.159763
-0.045898
-0.010056
0.072744
-0.062373
0.093712
0.442568
-0.098063
0.166004
0.275652
0.166172
0.165512
-0.254177
0.230635
-0.353563
0.158742
-0.368201
0.190679
-0.428800
0.426389
0.055658
0.465758
-0.090541
0.480732
-0.467013
0.457180
0.234677
-0.162527
0.230593
-0.263395
0.076368
0.252238
-0.054854
0.471952
0.181305
0.072532
0.340591
-0.311717
-0.453588
0.192202
-0.069239
0.393657
-0.174217
0.116510
0.446059
0.449425
-0.232708
-0.312449
-0.473525
0.228481
0.061114
-0.148696
0.223296
0.191480
-0.283778
-0.166672
-0.361019
0.216968
0.018581
0.444355
-0.406041
-0.164814
0.109639
-0.174244
0.290701
0.028999
-0.309992
0.147346
-0.454004
0.005378
-0.181745
-0.460027
-0.165707
-0.185388
-0.379569
-0.408526
-0.374756
-0.044945
0.352848
0.137890
0.434729
-0.251565
-0.211368
-0.429779
-0.158726
0.496410
0.099927
-0.287589
0.057224
-0.379713
0.030984
-0.260747
-0.292447
-0.267805
-0.311238
0.326131
0.316102
0.395556
0.033362
0.098437
-0.086978
0.104306
-0.171782
0.197967
0.386905
0.414018
-0.054424
0.216816
-0.264008
0.018141
0.136617
-0.380654
0.191050
0.158092
-0.163492
-0.388420
-0.294474
0.228874
-0.454529
-0.028732
-0.176342
-0.447627
-0.354723
-0.220619
0.462026
-0.250227
0.120903
0.230458
0.189030
-0.260509
0.466896
-0.494333
0.430689
-0.409749
-0.404406
-0.263921
-0.119464
0.340631
-0.099345
0.341793
0.392017
0.341246
0.000352
-0.257054
0.085047
0.132505
-0.028381
-0.102089
-0.071435
0.184064
0.126606
0.191852
-0.265644
-0.221502
0.234245
-0.108153
0.415765
0.293064
-0.368976
0.013031
0.241844
-0.058682
0.376328
-0.112302
0.175464
0.270829
0.082033
0.469334
0.491367
0.054161
-0.166470
0.435965
0.091710
-0.192357
-0.039222
0.483202
0.193336
-0.431274
0.382848
-0.210114
-0.440179
0.102929
-0.025089
0.292444
0.029803
-0.134333
0.470764
-0.160598
-0.377457
-0.221526
-0.011941
0.111353
-0.059924
0.475318
0.395685
0.152879
-0.487566
0.309779
-0.143569
-0.130088
0.239010
0.341381
0.355833
-0.298225
0.086078
-0.131493
-0.098976
0.232076
-0.175786
0.124024
0.403804
0.113224
-0.429551
-0.413334
-0.442328
0.151415
-0.313542
-0.400707
0.016956
0.382483
0.371704
0.094961
0.486284
0.304007
0.465382
0.304089
0.427372
-0.135830
-0.329540
-0.209242
-0.455960
-0.246274
0.319893
-0.303030
0.130666
-0.346458
0.011540
-0.273819
0.103347
0.494974
-0.116297
-0.376873
0.471304
-0.298033
-0.477641
0.002603
0.000724
-0.434923
-0.033410
0.116637
0.105668
-0.256571
0.280455
-0.428780
-0.219285
-0.401522
0.087618
-0.147662
-0.163201
-0.268425
0.174920
-0.459279
0.035836
0.080306
-0.399372
-0.313006
0.477413
0.391954
0.014587
-0.109311
-0.168257
0.070939
-0.492170
-0.411946
-0.323480
-0.205902
-0.174777
0.057567
-0.041009
-0.328993
0.450204
-0.379483
0.346866
-0.360584
-0.034569
0.394459
0.429092
0.273520
-0.001416
-0.494141
0.226305
-0.379074
-0.127140
0.183118
-0.429585
0.158975
0.179467
0.240322
0.071964
-0.496124
0.225096
0.395341
-0.018618
-0.283168
-0.007952
-0.415936
-0.236900
-0.231194
-0.056137
0.097801
-0.476750
-0.348793
-0.111522
-0.436700
0.259992
-0.083675
0.000446
0.098399
0.362401
0.482988
0.130530
0.447159
-0.378312
-0.081898
0.346261
0.098079
0.361589
0.145557
0.169298
0.323295
-0.492276
0.179828
-0.355786
-0.179397
-0.153773
0.301543
0.251900
-0.234473
0.493456
0.239619
-0.109650
-0.348516
-0.276605
0.220655
-0.164861
0.343139
0.452936
0.199735
-0.018751
0.468948
0.261585
0.316691
0.131213
0.377875
0.020910
0.059079
-0.389221
-0.129182
-0.440609
-0.457862
0.452085
-0.130766
-0.222232
-0.324867
-0.375330
0.240730
0.406720
0.371343
-0.363632
0.047680
-0.069922
0.263516
-0.089760
-0.059442
0.036601
-0.298472
-0.441735
0.346151
-0.273499
-0.230746
-0.473260
-0.010486
0.352026
-0.141450
0.254860
0.442091
0.172306
0.082600
-0.279272
0.171686
0.348787
-0.169624
0.240561
0.110702
0.369862
-0.071234
-0.076371
-0.203859
0.192307
-0.111929
0.154726
-0.426336
0.403787
-0.275490
0.282053
0.073247
-0.207921
-0.352172
0.437752
0.246990
0.326839
0.065001
0.019259
-0.441797
0.085451
-0.070198
0.161203
-0.218206
0.398735
0.472190
-0.419089
-0.355713
0.279251
0.377241
0.486898
0.480165
-0.393429
-0.314553
0.003168
0.433459
0.390723
0.316613
-0.003459
-0.418966
0.104053
-0.431407
0.263386
-0.147478
-0.440233
-0.004463
-0.376026
-0.427313
0.075466
0.234186
-0.338395
0.441078
-0.454402
0.366260
-0.099580
-0.430097
0.229586
-0.442684
-0.091447
-0.115699
0.305048
-0.475721
0.061695
-0.478846
0.158601
0.401567
-0.449038
0.139568
-0.386987
0.126217
0.180768
-0.439702
0.036456
0.322900
-0.209677
-0.246770
0.183621
-0.435809
-0.112767
-0.375770
0.210234
0.140868
-0.447955
-0.257762
0.387048
-0.333143
-0.131947
0.270299
0.271424
0.246524
0.248153
-0.155461
-0.311558
0.239580
0.042889
-0.075446
0.208359
-0.398154
-0.468085
-0.337148
-0.161015
0.351450
-0.167205
-0.354564
0.210261
0.056466
0.143991
0.071787
-0.170635
0.403019
0.119197
0.047084
0.435456
-0.189652
0.411744
-0.181496
0.249995
-0.233449
0.265799
0.021434
-0.380427
0.302699
-0.062008
-0.013398
0.409963
-0.021848
-0.328796
-0.427054
-0.282943
-0.068611
-0.227273
0.097426
0.228278
0.028848
0.303083
-0.263717
0.213836
0.443422
-0.109463
-0.456549
-0.186888
-0.081759
-0.205887
0.040756
0.387914
0.035544
0.426881
-0.009488
-0.177784
0.315256
0.424878
-0.226644
0.026396
0.173483
-0.336924
-0.372302
-0.151664
-0.182601
-0.126692
0.175937
-0.232812
-0.151738
-0.318286
-0.214219
0.346237
0.205273
0.074787
-0.398702
0.033221
0.234874
-0.392681
0.250107
0.490241
0.065435
0.086800
0.266530
0.163635
0.102882
0.475750
0.475037
0.174595
0.156326
0.210783
-0.064849
0.366877
0.237955
0.011972
-0.479799
0.210085
-0.255044
0.244557
-0.182237
0.309073
-0.246957
-0.348974
-0.103909
-0.435154
0.289921
0.458965
0.268199
-0.043710
-0.320240
0.098242
-0.481089
-0.005506
0.138135
-0.487187
-0.274884
-0.400774
-0.147109
0.432525
-0.413468
-0.027320
0.369859
-0.065195
-0.389113
-0.174419
-0.492216
0.091558
0.344801
0.471506
0.196838
-0.247087
0.210766
-0.208601
0.102538
0.137172
0.484482
-0.264208
-0.286644
-0.187368
0.482708
-0.209393
-0.154520
-0.435245
-0.274498
0.370125
0.246772
-0.394177
-0.257404
-0.020676
-0.255040
-0.031749
0.061213
-0.265620
0.024282
0.421155
0.498452
0.210543
0.490942
0.121479
-0.001159
0.101866
-0.059697
-0.299710
0.401572
-0.293561
-0.089922
-0.114102
0.324203
-0.216995
-0.390915
0.163140
0.022460
0.438642
-0.451216
-0.154851
0.162153
0.149352
0.008133
-0.133624
-0.293661
-0.236719
-0.111838
0.248873
-0.451578
0.411225
-0.317982
-0.276855
0.444152
0.038687
-0.291252
0.471736
0.178031
0.159321
0.439412
-0.167067
0.062500
0.358239
-0.078970
-0.421232
0.070841
0.419825
0.452399
-0.222361
0.352037
-0.146890
-0.171881
-0.490293
-0.163508
-0.473628
-0.068560
0.164258
0.471847
-0.325822
0.244707
0.173122
0.032255
-0.435597
0.258677
-0.373047
-0.080490
-0.198747
0.152953
0.108386
-0.092673
-0.406099
-0.227709
-0.498040
-0.424961
0.009208
0.315870
0.428986
0.297279
0.101027
-0.343891
0.001767
-0.017228
-0.434864
0.377027
-0.280045
-0.453413
-0.463760
-0.025137
-0.407323
-0.060890
-0.152727
0.375013
0.363427
-0.161294
-0.079300
-0.323368
0.381625
-0.377582
0.161811
0.075066
-0.041401
-0.410971
0.421931
-0.307988
-0.136927
-0.469317
-0.384539
-0.184677
-0.303829
0.226691
0.499289
-0.283186
-0.133655
0.211689
-0.147130
0.170055
-0.130860
-0.001256
-0.264895
0.406673
-0.476064
0.047525
-0.239567
-0.016260
0.167183
0.302629
0.210398
0.401798
-0.360579
0.029376
-0.304638
-0.422337
-0.286388
0.433782
-0.226561
-0.265904
-0.276701
0.205191
-0.029593
-0.397347
0.258681
-0.202602
-0.298832
0.095179
0.042756
-0.310484
0.193280
-0.289219
